p edge 450 5714
1 16
1 35
1 36
1 37
1 41
1 48
1 67
1 78
1 100
2 21
2 33
2 34
2 36
2 44
2 45
2 55
2 70
2 76
2 81
2 86
2 86
2 92
3 36
3 43
3 66
3 66
3 67
3 68
3 68
3 69
3 78
3 90
4 10
4 26
4 27
4 28
4 31
4 32
4 37
4 42
4 46
4 48
4 48
4 71
4 74
4 85
4 97
5 8
5 46
5 49
5 64
5 75
5 81
6 8
6 11
6 16
6 22
6 23
6 26
6 39
6 46
6 56
6 61
6 93
7 23
7 42
7 49
7 92
7 100
7 100
8 55
8 75
8 88
8 95
8 98
9 16
9 20
9 22
9 36
9 41
9 54
9 61
9 68
9 72
9 96
10 14
10 21
10 67
10 73
10 75
10 76
11 19
11 33
11 36
11 49
11 75
12 16
12 25
12 48
12 49
12 51
12 59
12 86
12 88
12 91
12 100
13 32
13 44
13 47
13 70
13 91
13 100
14 28
14 36
14 53
14 79
14 81
14 84
14 93
14 100
15 28
15 100
16 24
16 28
16 54
16 56
16 59
16 63
17 28
17 35
17 39
17 51
18 29
18 36
18 38
18 56
18 62
19 29
19 34
19 41
19 46
19 48
19 50
19 73
19 81
20 22
20 25
20 38
20 52
20 54
20 63
20 70
21 26
21 42
21 60
21 67
22 25
22 44
22 47
22 50
22 57
22 68
22 75
22 91
23 36
23 62
23 82
23 86
23 94
23 97
24 63
24 82
24 97
25 33
25 36
25 51
25 72
25 74
25 82
25 88
26 41
26 65
26 81
26 99
27 35
27 43
27 61
27 61
27 74
27 80
27 89
27 99
28 32
28 41
28 53
28 70
28 83
29 49
29 53
29 60
29 75
29 88
29 91
29 92
29 97
29 100
30 58
30 67
30 79
30 81
30 95
30 99
31 41
31 41
31 54
31 74
31 97
32 34
32 36
32 50
32 53
32 82
32 89
32 91
32 96
33 34
33 60
33 76
34 63
34 70
34 73
34 80
35 77
35 80
36 71
36 80
36 89
36 95
37 46
37 46
37 69
37 70
37 81
38 47
38 65
38 93
39 42
39 63
39 64
39 66
40 47
40 52
40 58
40 60
40 75
41 46
41 56
41 58
41 65
41 74
41 82
41 89
42 51
42 67
42 68
42 81
42 82
42 98
43 49
43 50
43 59
43 65
43 69
43 90
44 63
44 70
45 50
45 73
45 73
45 81
45 87
45 93
45 98
46 53
46 58
46 59
46 72
46 74
46 92
47 58
47 76
47 100
48 68
48 92
48 98
49 54
49 62
49 64
49 73
49 89
49 100
50 53
50 69
50 71
50 72
50 78
50 84
50 92
51 61
51 98
51 100
52 53
52 61
52 68
52 69
52 77
52 82
52 83
53 70
53 94
53 97
54 67
54 68
54 82
54 86
55 81
55 86
55 91
56 78
56 89
56 95
57 58
57 79
58 68
58 78
58 78
59 69
59 71
59 80
60 71
60 91
61 76
61 89
62 66
62 66
62 69
63 71
63 73
63 80
63 95
64 73
64 84
64 95
65 68
65 68
65 76
65 97
65 100
66 68
66 82
67 73
67 76
67 85
67 95
67 97
68 69
68 77
68 94
69 70
69 80
69 88
69 88
69 98
71 74
71 85
72 100
73 97
74 96
75 76
75 85
75 87
75 88
75 92
75 93
75 99
76 78
76 79
76 88
76 94
76 100
77 84
77 85
78 91
78 95
79 84
79 88
79 88
79 89
80 81
80 87
80 90
80 93
80 93
82 96
82 97
83 90
83 92
85 95
85 99
85 99
86 87
88 89
88 99
90 95
90 97
91 94
91 98
93 99
98 99
99 100
