p edge 450 5714
1 4
1 20
1 27
1 30
1 47
1 73
1 98
1 141
2 67
2 99
2 129
2 132
2 150
3 58
3 63
3 78
3 87
3 98
3 121
3 122
3 129
3 133
4 50
4 58
4 63
4 87
4 97
4 98
4 101
4 103
4 125
4 131
4 139
4 142
4 148
5 19
5 22
5 49
5 65
5 66
5 82
5 92
5 111
5 140
6 23
6 36
6 42
6 48
6 92
6 92
6 93
6 99
6 141
6 142
7 30
7 38
7 43
7 47
7 61
7 69
7 71
7 73
7 111
7 126
7 128
7 133
7 140
8 9
8 30
8 72
8 77
8 88
8 97
9 27
9 39
9 42
9 52
9 54
9 63
9 80
9 110
9 110
9 112
9 113
9 117
9 117
9 130
9 137
10 13
10 39
10 41
10 70
10 96
10 127
11 16
11 17
11 44
11 45
11 92
11 139
11 141
11 141
11 142
12 21
12 25
12 62
12 96
12 106
12 133
12 140
13 14
13 15
13 17
13 69
13 70
13 107
13 108
13 121
14 27
14 68
14 87
14 95
14 99
15 69
15 71
15 113
15 133
15 139
16 19
16 51
16 63
16 72
16 96
16 99
16 107
16 130
17 31
17 34
17 101
17 123
17 144
17 149
18 35
18 69
18 73
18 74
18 75
18 88
18 106
18 114
18 139
19 28
19 81
19 82
19 87
19 111
19 130
19 145
20 42
20 76
20 81
20 84
20 90
20 110
20 121
20 131
20 140
21 46
21 50
21 57
21 59
21 60
21 69
21 86
21 104
21 133
21 147
22 72
22 109
22 117
22 129
23 33
23 39
23 58
23 91
23 102
23 141
24 32
24 55
24 55
24 60
24 64
24 72
24 90
24 106
24 111
24 129
24 147
25 30
25 32
25 44
25 50
25 57
25 129
26 27
26 52
26 59
26 85
26 93
26 95
26 108
26 125
26 135
26 140
27 37
27 55
27 97
28 45
28 58
28 77
28 119
28 124
28 140
29 42
29 57
29 100
29 129
29 133
29 148
30 42
30 64
30 65
30 99
30 117
30 118
31 42
31 63
31 70
31 86
31 97
31 97
31 99
31 117
31 140
32 52
32 73
32 73
32 76
32 77
32 81
32 83
32 91
32 119
33 41
33 43
33 45
33 54
33 57
33 73
33 83
33 124
33 140
33 145
34 46
34 49
34 58
34 65
34 73
34 82
34 86
34 91
34 114
34 138
35 46
35 66
35 90
35 122
35 142
36 46
36 46
36 99
36 102
36 149
37 42
37 55
37 68
37 81
37 96
37 108
37 115
37 140
37 146
37 146
38 46
38 60
38 105
38 111
38 127
39 69
39 70
39 78
39 107
39 122
39 127
39 129
40 41
40 42
40 46
40 47
40 50
40 68
40 80
40 87
40 97
40 99
40 115
40 122
40 128
40 132
40 132
40 139
41 89
41 95
41 112
41 113
41 114
41 116
41 122
41 127
41 150
42 50
42 58
42 63
42 64
42 65
42 86
42 109
42 124
42 135
42 139
42 140
43 50
43 63
43 72
43 93
43 136
43 148
44 73
44 76
44 84
44 107
44 107
44 113
44 141
45 73
45 92
45 111
45 120
46 84
46 92
46 102
46 125
46 127
46 145
46 146
47 59
47 62
47 64
47 70
47 73
47 75
47 78
47 82
47 86
47 86
47 89
47 106
47 125
47 134
47 141
47 149
48 82
48 101
48 124
48 146
48 150
49 61
49 61
49 84
49 110
49 119
49 120
49 130
49 139
50 70
50 94
50 98
50 107
50 136
50 146
51 55
51 84
51 93
51 137
51 141
52 65
52 68
52 80
52 83
52 87
52 87
52 109
52 110
52 129
52 149
53 64
53 70
53 71
53 95
53 119
54 61
54 66
54 71
54 137
54 148
55 69
56 60
56 89
57 62
57 64
57 77
57 99
57 107
57 120
57 138
58 95
58 108
58 128
58 144
59 92
60 66
60 77
60 114
60 117
60 117
60 129
61 81
61 92
61 100
61 121
62 97
62 115
62 134
62 146
63 89
63 102
64 77
64 89
64 90
64 99
64 111
64 126
65 75
65 98
65 102
65 113
65 115
65 116
65 120
65 126
65 134
65 148
65 149
66 90
66 111
66 125
66 129
67 77
67 83
67 108
67 124
67 129
67 133
68 85
68 121
68 123
68 127
69 99
69 108
69 119
70 84
70 93
70 133
70 145
71 77
71 135
71 138
72 85
72 97
72 139
72 148
73 75
73 84
73 85
73 92
73 93
73 94
73 94
73 95
73 103
73 125
74 76
74 94
74 135
75 116
75 123
75 150
76 78
76 83
77 84
77 94
77 121
77 123
77 132
78 98
79 87
79 87
79 99
79 119
79 136
80 81
80 86
80 89
80 106
80 118
80 138
80 147
81 106
81 146
82 98
82 115
82 128
82 138
82 147
83 95
83 106
83 115
83 123
83 126
83 143
84 88
84 132
84 142
85 88
85 89
85 93
85 109
85 123
86 88
86 104
86 110
86 111
86 115
86 137
88 100
88 150
89 126
89 132
89 141
89 144
90 115
90 146
90 147
90 150
91 138
92 112
92 115
92 123
92 135
92 146
92 146
93 141
94 96
94 97
94 103
95 122
95 135
95 139
95 146
96 130
96 139
97 101
97 106
97 129
97 136
99 103
99 124
100 113
100 140
100 150
101 104
101 134
101 140
102 103
102 121
102 124
102 144
102 144
103 112
103 129
103 147
104 131
104 138
105 106
105 111
105 147
106 113
107 112
107 116
107 126
107 131
108 136
108 139
108 142
109 123
110 112
110 141
111 120
111 142
112 126
112 135
112 136
112 148
113 117
113 127
113 144
114 125
116 125
116 149
117 127
117 136
119 127
119 134
119 143
119 149
120 134
120 135
123 127
123 145
123 147
127 132
129 142
129 147
130 142
132 142
132 146
133 135
133 139
133 144
139 146
140 142
142 150
143 145
143 147
145 146
149 150
