p edge 450 5714
1 7
3 34
34 47
20 26
3 27
21 35
30 47
5 33
21 36
32 38
13 50
37 38
32 45
14 22
12 14
25 45
14 46
1 35
12 16
18 26
30 43
21 43
14 21
8 29
28 45
32 43
8 11
5 14
1 21
2 36
10 16
8 35
30 43
30 48
8 29
13 25
24 49
7 10
16 32
7 33
32 41
13 24
2 46
7 45
5 9
4 19
18 23
41 47
34 46
13 44
24 26
31 41
22 42
35 36
6 21
29 44
23 37
34 35
10 46
44 45
23 50
11 23
16 26
24 41
16 21
11 42
36 42
5 20
39 40
10 50
13 41
7 20
11 32
35 40
35 38
3 30
12 16
28 30
17 36
8 9
25 44
7 27
16 30
13 19
20 23
26 37
37 48
24 48
17 24
26 34
21 31
14 33
28 46
14 49
13 43
9 36
30 38
14 38
9 46
4 28
20 32
33 36
1 6
27 39
4 9
3 24
23 26
15 42
3 50
19 25
29 37
2 7
18 31
28 48
18 42
13 22
41 45
13 39
14 34
6 11
6 28
1 9
5 35
19 42
7 49
2 5
25 39
18 39
25 38
34 35
29 33
3 34
7 48
25 32
30 37
23 26
23 49
23 38
19 47
4 7
20 47
5 22
6 11
34 44
13 36
14 20
5 23
12 40
14 34
40 48
9 31
4 18
15 26
8 39
4 26
35 36
11 12
22 24
44 49
12 27
43 44
24 47
35 41
28 29
8 48
3 18
29 43
26 34
2 10
4 8
20 30
35 39
30 47
26 42
14 27
5 28
31 34
25 29
8 26
3 27
20 28
30 31
33 35
21 25
24 36
21 30
40 47
35 42
8 45
13 33
1 47
14 43
14 48
21 36
15 38
3 29
6 49
19 41
3 8
21 33
