p edge 450 5714
1 3
1 8
1 10
1 40
1 46
1 47
1 48
2 14
2 16
2 18
2 39
2 49
3 10
3 20
3 20
3 27
3 28
3 30
4 6
4 14
4 14
4 17
4 24
4 32
4 33
4 35
4 36
4 37
4 45
5 10
5 19
5 19
5 37
5 42
5 42
5 42
5 44
5 46
6 11
6 17
6 22
6 42
6 44
6 48
6 48
7 20
7 27
7 29
7 32
7 44
7 47
7 49
8 34
8 40
8 47
9 18
9 35
9 46
9 49
10 12
10 18
10 38
10 38
10 49
10 50
11 20
11 21
11 23
11 39
11 40
11 45
11 50
12 34
12 35
12 39
12 43
12 47
13 17
13 21
13 31
13 35
13 35
13 36
13 36
13 37
13 39
13 41
13 48
14 25
14 28
14 31
14 31
14 36
14 40
14 45
14 49
14 50
15 28
15 32
15 38
15 50
16 18
16 20
16 25
16 33
16 33
16 33
16 40
16 44
16 50
17 22
17 26
17 29
17 50
18 27
18 29
18 38
18 49
19 22
19 29
19 39
19 42
19 49
20 22
20 23
20 24
20 25
20 30
20 31
20 47
21 24
21 27
21 34
21 39
21 43
21 44
21 45
21 47
21 48
22 29
22 33
22 44
22 48
22 50
23 24
23 25
23 34
23 38
23 43
23 44
23 44
23 47
24 25
24 29
24 29
24 30
24 32
24 32
24 33
24 49
25 26
26 34
26 35
26 39
26 43
26 44
26 47
26 50
27 45
27 45
28 36
29 30
29 35
29 38
29 45
30 32
30 32
30 35
30 38
31 38
31 42
31 47
31 47
32 47
32 48
32 50
32 50
33 50
37 38
39 48
39 48
40 45
40 50
42 46
43 45
43 47
46 47
46 48
47 48
49 50
