100 300
0 49
0 50
0 57
0 69
0 79
0 95
1 5
1 6
1 16
1 21
1 36
1 37
1 51
1 53
1 72
2 4
2 32
2 37
2 54
2 57
2 63
3 19
3 83
3 87
4 16
4 27
4 28
4 58
4 64
4 71
4 90
4 94
5 10
5 25
5 31
5 46
5 49
5 62
5 73
5 99
6 30
6 38
6 44
6 48
6 62
6 64
6 77
6 78
7 22
7 36
7 52
7 67
7 78
8 16
8 22
8 42
8 56
8 97
9 11
9 24
9 32
9 85
10 12
10 14
10 16
10 22
10 36
10 62
10 85
11 21
11 57
11 65
11 72
11 81
12 13
12 22
12 40
12 44
12 50
12 62
12 78
12 80
13 14
13 16
13 18
13 31
13 54
13 70
13 72
13 77
13 85
13 92
13 93
14 24
14 49
14 59
14 71
14 89
14 92
15 65
15 71
15 80
15 92
16 32
16 51
16 58
16 74
16 86
16 91
16 98
17 23
17 33
17 38
17 51
17 73
18 30
18 35
18 41
18 45
18 46
18 65
18 84
18 85
18 98
19 30
19 45
20 57
20 62
20 68
20 74
21 45
21 47
21 53
21 84
21 92
21 98
22 39
22 55
22 67
22 81
23 31
23 56
23 96
24 55
24 56
24 83
24 96
25 28
25 31
25 39
25 41
25 82
26 49
26 67
26 71
26 76
26 80
27 31
27 79
28 29
28 43
28 51
28 60
28 62
28 64
29 40
29 98
30 50
30 61
30 89
30 91
30 92
31 32
31 48
31 49
31 55
31 72
31 81
31 97
32 57
32 59
32 68
32 84
33 48
33 52
33 74
33 87
34 36
34 38
34 41
34 47
34 51
34 70
34 91
34 95
35 43
35 52
35 54
35 69
35 77
35 79
35 85
35 86
35 88
35 91
36 42
36 50
36 72
36 82
36 93
37 38
37 49
37 50
37 77
37 86
37 89
38 85
38 86
38 88
38 92
38 97
39 69
39 72
39 75
40 47
40 57
40 62
40 70
40 79
40 97
41 55
43 74
44 51
44 93
44 98
45 54
45 78
45 98
46 59
46 65
47 80
48 57
48 77
48 83
48 86
48 94
49 92
49 95
49 97
50 75
51 73
51 77
52 75
52 85
52 87
52 93
53 66
54 92
54 96
55 61
55 74
55 99
56 67
56 76
58 60
58 61
60 80
60 90
61 74
62 84
62 87
63 73
63 74
63 92
63 97
64 81
65 75
65 77
65 96
66 71
66 82
67 97
68 75
69 77
69 78
69 80
69 93
71 82
73 78
74 87
74 90
75 90
75 97
76 88
77 96
81 84
82 86
82 95
83 97
95 96
