1000 3000
0 154
0 185
0 330
0 353
0 393
0 474
0 805
0 943
0 987
0 996
1 402
1 484
1 634
1 825
2 241
2 412
2 464
2 535
2 540
2 644
3 22
3 83
3 420
3 488
3 523
3 669
3 729
3 759
3 868
3 990
4 209
4 320
4 394
4 457
4 504
4 701
5 165
5 244
5 254
5 354
5 414
5 465
5 597
6 235
6 401
6 630
6 926
7 49
7 183
7 781
8 92
8 93
8 147
8 197
8 635
8 775
8 984
9 149
9 621
9 692
9 906
10 312
10 370
10 822
11 60
11 108
11 133
11 284
11 485
11 920
12 164
12 247
12 393
12 544
12 551
12 668
12 670
12 846
13 146
13 255
13 386
13 428
13 571
13 611
13 668
13 692
13 809
13 828
13 845
14 36
14 80
14 109
14 113
14 145
14 307
14 633
14 675
14 877
14 911
14 952
15 180
15 298
15 380
15 437
15 479
15 566
15 593
15 627
16 47
16 302
16 323
16 449
16 525
16 689
16 725
17 63
17 64
17 105
17 119
17 143
17 280
17 385
17 565
17 705
17 896
17 920
18 59
18 133
18 390
18 442
18 626
18 726
19 63
19 236
19 492
19 498
19 592
19 683
19 756
19 769
19 875
19 917
20 110
20 272
20 426
20 477
20 521
20 808
20 884
20 983
21 63
21 138
21 155
21 230
21 444
21 540
21 645
21 817
22 69
22 228
22 416
22 530
22 643
22 732
22 989
23 38
23 94
23 855
23 927
24 200
24 283
24 285
24 287
24 331
24 383
24 462
24 481
24 621
24 755
25 34
25 43
25 121
25 130
25 347
25 563
25 677
25 722
25 853
26 212
26 277
26 453
26 505
26 539
26 639
26 856
26 892
27 341
27 538
27 649
27 755
27 935
28 283
28 450
28 491
28 644
28 656
28 760
28 843
28 905
29 343
29 566
29 710
29 926
30 236
31 68
31 118
31 120
31 174
31 390
31 561
31 674
31 725
31 763
32 160
32 200
32 606
32 738
32 739
32 969
33 232
33 244
33 274
33 502
33 783
33 942
33 972
33 984
34 368
34 369
34 686
35 79
35 101
35 250
35 322
35 638
35 668
35 843
35 890
36 96
36 183
36 384
36 691
36 741
36 890
37 419
37 568
37 655
37 739
37 955
38 155
38 294
38 365
38 540
38 593
38 840
38 841
38 963
38 988
39 97
39 247
39 437
39 740
39 746
39 773
39 802
40 157
40 241
40 379
40 482
40 552
40 794
40 808
40 906
41 721
41 813
41 922
42 79
42 220
42 543
42 558
42 713
43 46
43 662
43 738
43 745
43 829
44 161
45 217
45 319
45 387
45 404
45 907
46 68
46 94
46 142
46 562
46 779
46 825
46 893
46 982
47 142
47 543
47 715
47 735
47 933
47 934
48 210
48 281
48 361
48 763
49 158
49 170
49 214
49 224
49 289
49 360
49 469
49 903
50 76
50 484
50 635
50 691
50 763
50 884
51 78
51 124
51 167
51 239
51 621
52 165
52 510
53 97
53 170
53 220
53 297
53 526
53 611
53 680
53 896
53 940
53 988
54 460
54 592
54 602
55 249
55 757
55 819
55 843
56 81
56 636
56 884
57 391
57 565
57 690
57 897
58 63
58 107
58 388
58 484
58 797
58 922
58 968
59 264
59 280
59 281
59 346
59 372
59 469
59 740
59 783
60 172
60 180
60 322
60 616
60 743
60 909
60 937
61 71
61 313
61 781
61 830
61 971
62 68
62 269
62 598
62 642
62 760
63 594
63 656
64 185
64 357
64 487
64 495
64 664
64 728
64 760
64 762
64 785
65 214
65 270
65 469
65 549
66 166
66 208
66 398
66 687
66 952
67 299
67 710
67 883
68 122
68 132
68 187
68 270
68 312
68 743
68 858
69 133
69 252
69 597
69 668
69 687
69 863
69 997
70 195
70 293
70 726
70 989
71 142
71 244
71 457
71 672
71 795
71 798
71 953
72 120
72 223
72 238
72 618
72 776
72 838
73 77
73 241
73 345
73 508
73 638
74 304
74 693
75 724
75 917
75 951
76 78
76 191
76 383
76 452
76 781
76 949
77 272
77 524
78 307
78 384
78 595
78 883
79 199
79 441
79 572
79 643
79 660
79 931
80 312
80 604
80 927
81 186
81 250
81 318
81 358
81 368
81 837
82 141
82 213
82 496
82 597
82 840
82 863
83 260
83 281
83 310
83 328
83 650
83 946
83 955
84 122
84 140
84 364
84 718
84 891
85 119
85 274
85 405
85 495
85 656
85 732
85 765
85 868
85 878
86 228
86 450
86 682
86 689
86 902
87 297
87 404
87 468
87 470
87 560
87 747
88 368
88 587
88 963
89 155
90 155
90 361
90 383
90 442
90 564
90 646
90 728
90 903
91 122
91 285
91 439
91 935
92 746
92 769
92 827
92 888
93 156
93 328
93 591
93 768
93 769
93 822
93 891
94 99
94 228
94 374
94 376
94 404
95 244
95 317
95 363
95 519
95 588
95 801
95 863
96 330
96 367
96 426
96 748
96 758
97 255
97 282
97 350
97 382
97 666
97 673
97 973
98 146
98 402
98 515
99 383
99 533
99 785
99 900
99 903
99 920
100 459
100 906
100 984
101 249
101 397
101 559
101 607
101 642
101 879
101 909
102 153
102 210
102 241
102 325
102 564
102 700
103 946
104 375
104 435
104 828
104 995
105 125
105 465
105 514
105 697
106 174
106 198
106 351
106 475
106 559
106 647
106 672
106 738
106 851
106 935
107 421
107 596
107 733
108 112
108 262
108 335
108 690
108 720
109 381
109 456
109 528
109 547
109 758
110 298
110 630
110 705
110 935
111 237
111 238
111 471
111 702
112 606
113 163
113 342
113 426
113 650
113 716
113 761
113 793
113 995
114 247
114 285
114 292
114 835
115 185
115 394
115 711
116 303
116 614
116 926
117 591
117 649
117 713
117 880
117 907
118 200
118 316
119 151
119 265
119 397
119 491
119 889
120 177
120 220
120 457
120 570
120 670
120 754
120 793
120 890
120 953
121 231
121 352
121 649
122 241
122 701
122 766
122 815
123 142
123 451
123 481
123 744
123 759
123 918
123 952
123 998
124 337
124 381
124 668
124 685
124 710
125 196
125 256
125 468
125 469
125 642
125 680
125 721
125 949
126 217
126 360
126 484
126 556
126 643
126 745
126 966
127 218
127 351
127 755
127 768
127 860
127 897
128 200
128 216
128 450
128 570
128 790
128 812
129 521
129 609
129 712
129 969
130 178
130 199
130 675
130 728
130 983
131 243
131 318
131 390
131 417
131 456
131 524
131 603
131 758
131 992
132 356
132 612
133 213
133 319
133 396
133 496
133 819
134 692
135 190
135 216
135 231
135 242
135 529
135 641
135 799
135 892
135 973
136 292
136 325
136 385
136 400
136 519
136 543
136 755
136 899
137 313
137 326
137 403
137 656
137 969
137 986
138 461
138 576
138 596
138 680
139 491
139 653
139 738
139 862
140 185
140 367
140 463
140 523
141 203
141 333
141 461
141 744
142 358
142 703
142 788
142 944
143 586
143 605
143 691
143 853
143 854
143 977
144 244
144 254
144 271
144 291
144 325
145 170
145 172
145 376
145 488
145 556
146 289
146 494
146 619
146 736
146 747
146 958
147 408
147 899
148 269
148 300
148 347
148 365
148 609
148 990
149 201
149 269
149 549
149 553
149 647
149 776
150 201
150 708
150 721
150 731
150 773
150 933
150 991
151 201
151 257
151 377
151 378
151 650
151 946
152 163
152 201
152 365
152 389
152 416
152 447
152 551
152 853
153 365
153 538
153 757
154 280
154 632
154 701
154 715
154 728
154 819
155 364
156 283
156 431
156 432
156 519
156 586
156 763
157 161
157 401
157 436
157 568
157 686
157 850
157 866
157 879
158 471
158 505
158 592
158 790
158 971
158 992
159 581
159 723
159 772
159 979
160 568
160 718
161 247
161 264
161 447
161 583
161 712
161 735
161 840
162 171
162 440
162 506
162 598
162 632
163 320
163 401
163 527
163 664
163 806
164 288
164 507
164 592
164 726
164 832
165 390
165 482
165 487
165 797
165 999
166 340
166 631
166 718
166 837
167 424
167 624
167 958
167 986
168 225
168 376
168 539
168 648
168 736
168 775
168 779
168 800
168 869
168 941
169 367
169 748
169 791
169 974
170 685
170 870
170 893
171 457
171 582
171 596
172 191
172 418
172 493
172 574
172 884
172 924
173 192
173 196
173 299
173 420
173 513
173 750
174 206
174 377
174 400
174 858
174 949
174 991
175 491
175 526
175 564
175 621
175 835
176 337
176 664
176 838
176 857
177 195
177 536
178 624
179 356
179 395
179 439
179 724
180 300
180 434
180 673
180 674
180 675
180 680
180 978
181 290
181 359
181 729
181 782
182 796
182 960
183 204
183 545
183 564
183 989
184 649
184 687
185 244
185 274
185 383
185 441
185 469
185 474
185 974
186 259
186 687
186 716
186 759
187 206
187 386
187 740
187 843
187 860
188 407
188 444
188 777
189 203
189 263
189 484
189 502
189 728
189 773
190 191
190 891
191 608
191 699
191 902
191 977
192 451
192 459
192 773
192 888
193 297
193 308
193 447
193 522
193 765
193 932
193 967
193 972
194 212
194 265
194 604
194 605
194 733
194 884
195 298
195 404
195 474
195 897
195 979
196 475
196 573
196 587
196 589
196 755
197 223
197 302
197 614
197 900
198 268
198 315
198 409
198 517
198 960
198 991
199 213
199 299
199 394
199 561
199 630
199 651
199 811
200 469
200 485
200 542
200 572
200 787
200 850
201 581
202 220
202 263
202 449
202 716
202 792
203 284
203 336
203 816
203 899
204 335
204 391
204 454
204 474
204 497
204 717
205 222
205 371
205 404
205 841
206 214
206 358
206 551
206 590
206 958
207 391
207 502
207 809
207 905
208 737
208 844
208 854
209 241
209 398
209 549
209 970
210 344
210 397
210 407
210 628
210 745
211 230
211 349
211 658
211 735
211 759
211 760
211 764
212 242
212 327
212 367
212 472
212 526
212 574
212 661
213 227
213 301
213 314
213 580
213 582
213 679
214 371
214 803
215 430
215 659
215 782
215 994
216 437
216 447
216 711
216 824
216 958
217 230
217 368
217 413
218 236
218 259
218 281
218 294
218 568
218 644
218 659
218 726
218 893
218 938
219 359
219 452
219 548
219 678
219 681
219 730
220 341
220 406
220 854
220 946
221 355
221 418
221 579
221 691
221 812
222 282
222 621
222 710
222 867
222 979
223 307
223 890
223 939
224 694
224 754
225 251
225 408
225 610
225 722
225 751
225 805
225 826
225 867
226 896
226 942
227 347
227 362
227 461
227 691
227 759
227 919
228 794
228 870
229 232
229 301
229 406
229 660
229 758
229 807
229 891
230 262
230 268
230 294
230 348
230 570
230 599
230 619
230 730
230 778
230 779
231 430
231 680
231 758
231 769
232 345
232 632
232 823
233 278
233 307
233 593
233 930
234 643
234 748
234 844
234 857
234 911
234 989
235 859
236 602
236 722
236 844
237 513
237 646
237 858
237 865
238 260
238 278
238 729
238 785
238 855
238 925
239 274
239 330
239 432
239 823
240 282
240 350
240 505
240 757
240 887
240 971
241 370
241 471
241 871
242 267
242 300
242 697
242 713
242 945
243 515
243 528
243 652
243 724
243 786
243 932
244 486
244 556
244 818
244 820
245 256
245 484
245 571
245 819
245 874
245 947
246 634
246 725
246 808
246 969
247 460
247 493
247 562
247 634
247 987
247 995
248 428
248 472
248 723
248 808
248 820
248 876
248 888
249 491
249 591
249 852
249 916
249 969
250 672
250 965
251 323
251 438
251 496
251 529
251 875
251 882
251 885
251 922
252 272
252 299
252 306
252 341
252 351
252 583
252 895
252 992
253 388
253 501
253 526
253 576
253 787
253 862
254 304
254 525
254 605
254 629
254 795
254 976
254 987
255 266
255 275
255 458
255 504
255 841
257 285
257 290
257 350
257 366
257 438
257 547
257 799
257 912
258 265
258 361
258 614
258 870
258 890
258 916
258 925
259 345
259 431
259 461
259 488
259 542
259 555
259 600
259 611
259 645
260 446
260 737
261 292
261 368
261 379
261 409
261 456
261 504
261 680
261 779
261 898
261 911
262 691
263 352
263 375
263 529
263 622
263 733
264 277
264 292
264 421
265 284
265 393
265 529
265 635
266 430
266 507
266 783
266 795
266 853
266 882
266 920
267 292
267 481
267 874
268 427
268 617
269 433
269 517
269 547
269 794
269 918
270 403
270 454
270 526
270 590
270 707
270 882
271 366
271 591
271 834
271 952
272 359
272 506
272 636
272 662
272 745
272 900
273 331
273 441
273 671
273 852
273 963
273 982
274 383
274 489
275 784
275 811
275 817
275 892
276 368
276 639
276 676
276 754
277 350
277 365
277 559
277 746
277 773
278 649
278 703
278 796
278 936
279 391
279 524
279 554
279 625
279 999
280 763
281 376
281 681
281 868
282 586
282 787
282 973
282 982
283 521
283 682
283 767
283 789
283 835
283 887
283 923
284 326
284 360
284 367
284 518
284 592
284 603
285 289
285 337
285 725
285 945
286 567
286 578
286 714
287 354
287 460
287 489
287 710
287 743
287 802
287 817
287 854
287 976
288 532
288 807
288 852
288 989
289 490
289 492
289 499
289 733
289 840
290 577
290 691
290 790
290 899
290 995
291 383
291 734
291 800
292 697
292 733
292 743
292 795
292 850
292 895
293 516
293 688
293 724
293 894
293 984
294 447
294 464
294 485
294 665
294 979
295 766
295 823
296 624
296 690
296 743
296 875
296 983
298 491
298 730
298 843
299 395
299 566
299 756
299 838
300 386
300 905
300 991
301 595
301 891
301 909
301 969
302 512
302 555
302 605
302 636
302 830
302 936
303 323
303 700
303 885
304 431
305 352
305 370
305 677
305 815
306 513
306 624
306 712
306 876
306 912
307 490
307 517
307 524
307 620
308 322
308 437
308 520
308 955
309 588
309 819
310 334
310 457
310 488
310 817
311 407
311 423
311 618
312 368
312 447
312 491
312 493
312 594
312 614
312 789
312 828
312 883
313 628
313 763
313 845
313 883
313 890
313 902
314 563
314 647
314 979
315 402
315 617
316 321
316 498
316 687
316 722
317 447
317 736
318 406
318 578
318 627
318 828
318 833
319 704
319 754
319 832
320 472
320 565
320 571
320 709
320 912
321 392
321 395
321 446
321 477
321 484
321 617
321 761
321 824
322 542
322 574
322 619
322 896
322 979
323 744
323 866
324 537
324 800
324 812
324 921
324 971
325 684
325 714
325 725
325 976
326 541
326 569
327 810
327 821
327 887
327 939
327 973
327 996
328 489
328 617
328 656
328 748
328 854
329 338
329 432
329 696
329 794
329 819
329 825
329 874
330 349
330 509
330 777
331 394
331 435
331 460
332 611
332 679
332 808
332 909
333 396
333 400
333 704
333 826
333 980
334 338
334 345
334 429
334 469
334 504
334 534
334 651
334 687
335 366
335 376
335 411
335 638
335 787
335 938
335 992
336 447
336 606
336 813
336 930
336 936
336 938
337 386
337 758
337 977
338 752
338 871
338 946
339 654
339 783
340 542
340 687
340 743
340 826
341 410
341 544
341 579
341 775
341 928
342 364
342 686
342 712
342 937
343 483
343 487
343 632
344 540
344 673
344 945
345 954
346 352
346 538
346 691
347 446
347 711
348 512
348 626
348 786
348 836
348 905
348 962
349 350
349 515
349 747
349 857
350 465
350 595
350 960
350 963
350 985
351 379
351 452
351 680
351 740
351 872
352 435
352 924
353 488
353 497
353 570
353 823
353 937
354 716
354 941
354 967
355 378
355 632
355 654
355 701
355 852
355 871
356 383
356 512
356 774
356 853
357 515
357 577
357 588
357 663
357 785
357 850
358 419
358 440
358 721
358 836
358 876
358 888
358 937
358 958
359 529
359 721
359 967
359 998
360 397
360 401
360 651
360 718
360 904
361 367
361 491
361 562
361 690
361 755
361 806
362 587
363 478
363 520
363 551
363 615
364 401
364 653
364 709
364 967
365 375
365 462
365 632
366 461
366 592
367 554
367 737
367 892
368 397
368 987
369 922
370 383
370 519
370 591
370 719
370 812
370 835
370 987
371 453
371 466
371 508
371 607
371 641
371 647
371 662
371 851
371 971
372 402
372 444
372 812
372 905
372 934
373 755
373 789
373 896
373 983
374 818
374 848
374 908
375 400
375 963
376 617
377 617
377 711
377 914
377 949
378 560
378 950
379 507
380 384
380 433
380 728
381 935
382 516
382 730
382 864
383 423
383 427
383 577
384 409
385 507
385 858
385 971
386 474
386 534
386 662
386 783
387 438
387 637
387 774
388 534
388 599
388 791
388 846
388 862
388 903
389 393
389 644
389 877
389 958
389 971
390 396
390 542
390 629
390 776
391 503
391 699
391 713
391 900
392 779
392 809
392 871
393 429
393 810
393 834
394 595
394 809
394 878
394 973
395 664
395 754
395 784
395 966
396 699
397 479
397 612
397 736
397 828
397 903
398 654
398 698
398 807
399 415
399 525
399 698
399 784
400 421
401 634
401 698
401 704
401 851
401 933
402 886
402 888
402 889
403 594
403 838
404 442
404 627
404 731
404 876
405 439
406 766
406 860
406 930
406 970
407 483
407 734
407 857
408 811
408 903
408 952
408 994
409 591
410 411
410 441
410 528
410 585
411 519
411 610
411 689
411 817
411 856
412 649
412 865
412 871
413 553
413 742
413 761
413 854
414 443
414 498
414 504
414 584
415 548
415 793
416 728
416 774
416 845
417 758
417 933
418 499
418 514
418 731
418 800
419 477
419 531
419 589
419 783
420 446
421 428
421 628
421 731
421 927
421 944
422 505
422 863
423 469
423 607
424 448
424 511
424 557
424 600
424 614
424 798
424 872
425 445
426 666
426 776
426 906
427 707
427 839
427 989
428 545
428 647
428 999
429 530
429 568
429 597
429 703
430 507
430 642
430 776
430 877
430 889
430 980
431 733
432 451
432 547
432 625
432 702
432 834
433 517
433 732
433 733
433 972
434 449
434 537
434 544
434 807
435 522
436 456
436 739
436 856
436 917
436 939
437 507
437 606
437 901
437 932
437 990
438 541
438 583
438 654
438 671
438 891
439 477
439 481
439 505
439 537
439 882
440 649
440 662
440 683
440 811
441 777
442 528
442 587
442 720
442 889
443 705
443 829
443 901
443 975
444 950
445 446
445 503
445 665
445 847
445 848
445 862
445 871
446 640
446 721
446 786
446 939
447 680
447 783
447 877
448 646
449 626
449 679
449 879
449 923
451 513
451 591
451 798
451 822
451 879
451 936
451 942
451 984
452 686
452 886
453 669
453 671
453 803
453 844
453 965
454 518
455 619
455 736
456 626
456 779
456 820
456 821
456 900
457 498
458 487
458 626
458 871
458 958
459 983
460 662
460 751
460 864
460 914
462 466
463 624
463 904
464 467
464 654
464 801
464 945
465 677
465 838
466 475
466 630
466 668
466 885
467 668
467 755
467 772
467 931
468 496
468 619
468 729
468 767
469 637
469 675
469 884
470 473
470 548
470 663
470 683
471 648
471 813
472 592
473 545
473 557
473 685
473 697
473 851
474 724
474 965
475 535
475 540
475 691
475 757
476 493
476 511
476 564
476 577
476 638
476 882
477 480
477 582
477 636
477 994
478 489
479 709
479 747
480 811
481 484
481 958
481 991
482 543
482 548
482 643
482 712
482 872
482 906
483 514
483 643
483 681
484 512
484 525
485 516
485 572
485 818
485 900
486 518
486 778
486 901
486 916
486 945
487 645
487 701
487 751
487 936
487 982
488 511
488 767
488 776
488 803
488 873
488 939
488 993
488 995
489 548
489 722
489 870
490 509
490 515
490 623
490 803
491 536
491 616
491 851
492 521
493 740
493 845
494 990
495 511
495 823
496 966
497 519
497 549
497 650
497 679
497 743
497 841
497 962
498 548
498 706
498 872
499 760
499 899
499 916
499 992
500 588
500 793
500 915
501 731
502 765
502 774
502 797
503 913
504 520
504 876
505 531
505 692
505 987
505 995
506 546
506 969
507 630
508 521
508 774
508 819
508 926
509 563
509 837
509 854
511 681
511 973
512 620
512 644
512 663
513 694
513 726
514 515
514 841
514 933
515 553
515 805
515 894
515 903
517 587
517 951
518 520
518 685
518 777
519 576
519 602
519 662
519 910
519 922
520 787
521 705
521 710
521 756
521 780
521 845
521 941
522 528
522 570
522 814
522 854
522 882
522 979
523 884
523 915
524 705
524 737
524 753
525 646
525 791
525 792
526 529
526 537
526 643
526 819
527 536
527 548
527 651
527 668
528 738
528 876
529 569
529 688
529 732
529 734
530 623
530 885
532 904
532 942
533 815
533 975
534 705
534 801
535 605
535 765
535 867
535 874
535 891
536 641
536 669
537 650
537 844
537 846
537 930
538 656
538 979
538 995
539 812
539 853
540 642
540 772
540 809
541 871
542 621
542 765
542 859
544 564
544 737
544 943
545 980
546 549
546 569
546 590
546 749
546 934
546 956
547 620
547 725
547 990
548 668
548 673
548 707
550 712
550 837
550 840
551 801
551 810
551 912
552 657
552 828
553 571
553 594
553 754
553 945
553 949
553 976
554 739
554 815
554 847
555 615
555 698
555 795
555 825
556 786
556 882
556 884
557 712
557 837
558 624
558 630
558 668
558 709
558 759
558 794
558 818
559 851
560 757
560 875
560 958
561 602
561 753
561 997
562 796
563 752
564 662
564 825
564 898
566 583
566 663
568 573
568 667
569 687
569 776
569 787
569 806
569 838
569 950
570 679
570 872
570 874
570 875
570 921
571 873
572 686
573 605
573 636
573 841
574 703
574 799
574 820
575 625
575 804
575 972
575 978
576 601
576 610
576 625
576 793
576 867
576 869
576 961
576 982
578 784
579 727
579 865
579 921
579 926
579 997
580 768
580 826
581 605
581 692
581 770
581 782
581 971
582 596
582 652
582 837
582 889
583 694
583 848
584 656
584 777
584 978
585 603
585 622
586 684
586 935
587 678
588 741
588 784
588 909
588 945
589 636
589 795
589 911
591 598
592 974
593 655
593 668
594 601
594 662
594 734
594 806
594 838
594 894
594 949
595 697
595 875
596 857
596 886
597 750
597 804
598 661
598 936
599 619
599 646
599 752
599 843
599 954
599 969
600 666
600 694
600 865
600 877
601 727
601 803
601 973
602 619
602 759
602 909
602 937
603 632
603 842
604 716
604 792
604 842
604 921
605 739
606 902
606 951
607 946
608 745
609 712
609 720
609 892
609 944
609 955
609 969
611 621
611 784
611 835
611 916
611 927
612 723
612 734
612 736
612 741
612 833
612 889
613 889
614 654
614 711
614 804
614 819
615 618
615 694
615 754
615 976
616 749
616 901
617 759
617 809
617 901
617 962
618 850
619 677
619 732
621 682
621 855
621 954
622 656
622 689
622 740
623 975
624 771
625 794
625 810
625 933
626 706
626 912
627 670
627 686
627 712
628 687
628 769
628 877
629 633
630 736
630 889
630 898
630 907
630 934
630 941
631 658
631 757
631 772
631 828
632 889
633 635
633 979
634 655
634 710
634 723
634 851
635 672
635 794
635 994
636 641
636 862
636 978
638 895
639 733
640 659
640 758
641 672
642 681
642 750
642 792
642 819
643 782
644 722
644 809
644 884
645 812
646 732
646 862
646 937
647 688
647 714
647 808
647 851
647 873
648 897
649 719
649 894
651 662
651 837
651 927
652 806
652 811
652 985
653 743
653 771
654 814
654 916
654 940
655 931
655 932
656 692
656 815
658 686
658 958
659 756
660 816
660 857
661 709
661 739
661 918
662 826
662 835
662 923
663 929
664 762
665 812
665 892
666 982
667 769
667 851
668 818
668 857
668 926
669 708
669 980
670 720
670 757
670 902
671 791
672 802
672 836
672 880
672 949
673 750
673 903
673 954
674 812
674 955
676 897
676 950
677 982
678 720
679 819
679 916
679 933
679 935
680 898
682 779
682 867
682 946
683 939
684 687
684 844
684 918
684 989
685 734
686 721
686 754
686 756
687 700
687 870
687 881
687 997
688 963
689 968
689 988
690 739
690 757
690 784
690 895
691 721
691 821
691 909
692 779
692 917
693 753
693 865
696 849
696 893
697 735
697 749
697 828
697 830
697 934
698 899
698 965
699 819
699 936
700 773
700 964
701 703
701 727
701 763
701 775
701 935
702 736
703 788
703 905
703 942
705 936
706 725
706 749
707 818
708 887
708 999
709 719
709 878
709 956
710 831
711 914
711 982
711 983
712 918
712 997
713 983
715 928
715 951
715 977
717 948
718 859
718 935
719 875
719 890
719 922
721 806
721 933
721 979
722 828
722 890
723 840
724 802
725 915
726 769
727 759
727 853
728 731
728 864
729 745
730 877
730 999
731 975
732 877
733 930
734 899
736 889
737 795
737 973
738 981
739 745
739 747
739 766
739 777
740 920
741 921
742 814
742 941
743 905
743 919
744 814
745 906
745 972
747 754
747 985
748 880
749 878
753 855
753 951
755 897
756 853
757 790
759 956
760 769
760 864
760 936
761 801
761 828
763 803
763 903
764 779
765 912
765 917
766 788
766 887
766 898
767 791
767 875
768 816
768 867
769 785
770 986
772 778
772 818
774 840
774 858
775 892
776 905
776 918
776 956
777 923
778 934
779 832
782 804
783 820
783 887
783 889
784 847
785 798
785 946
786 981
787 874
787 878
787 993
788 813
789 796
792 874
793 884
793 971
794 834
795 952
795 990
798 982
800 855
801 974
803 884
803 892
803 920
804 856
804 956
805 846
806 849
806 944
807 823
808 925
809 942
809 955
810 847
810 910
811 898
812 868
812 922
812 928
812 945
815 927
816 935
816 960
817 891
817 970
818 868
820 851
820 938
821 964
822 897
822 965
822 999
823 890
825 980
829 853
830 949
833 917
833 947
834 916
835 920
835 996
836 844
837 867
837 871
837 939
838 962
839 996
840 853
842 891
842 907
842 926
843 937
843 971
847 987
851 898
857 886
857 925
857 988
859 957
859 991
860 947
863 939
864 889
864 947
865 910
866 973
868 987
870 924
870 941
874 945
874 963
876 882
876 906
877 975
878 980
881 918
882 926
882 939
882 945
883 902
883 950
886 952
888 950
890 897
890 987
891 985
893 951
896 929
898 938
901 917
904 964
908 982
910 975
913 936
913 973
918 946
920 981
921 988
922 950
925 963
926 996
932 991
941 975
941 997
943 971
944 948
954 957
964 973
968 983
973 984
981 992
984 991
993 997
